%%TOGGLE SHOW:T
data=[
0.0000,5.00,0.0000
0.0000,5.00,0.0000
0.0000,5.00,0.0000
0.0000,5.00,0.0000
0.0000,5.00,0.0000
0.0000,5.00,0.0000
0.0000,5.00,0.0000
0.0000,5.00,0.0000
0.0000,5.00,0.0000
0.0000,5.00,0.0000
0.0000,5.00,0.0000
0.0000,5.00,0.0000
0.0000,5.00,0.0000
0.0000,5.00,0.0000
0.0000,5.00,0.0000
0.0000,5.00,0.0000
0.0000,5.00,0.0000
0.0000,5.00,0.0000
0.0000,5.00,0.0000
0.0000,5.00,0.0000
0.0000,5.00,0.0000
0.0000,5.00,0.0000
0.0000,5.00,0.0000
0.0000,5.00,0.0000
0.0000,5.00,0.0000
0.0000,5.00,0.0000
0.0000,5.00,0.0000
0.0000,5.00,0.0000
0.0000,5.00,0.0000
0.0000,5.00,0.0000
0.0000,5.00,0.0000
0.0000,5.00,0.0000
0.0000,5.00,0.0000
0.0000,5.00,0.0000
0.0000,5.00,0.0000
0.0000,5.00,0.0000
0.0000,5.00,0.0000
0.0000,5.00,0.0000
0.0000,5.00,0.0000
0.0000,5.00,0.0000
0.0000,5.00,0.0000
0.0000,5.00,0.0000
0.0000,5.00,0.0000
0.0000,5.00,0.0000
0.0000,5.00,0.0000
0.0000,5.00,0.0000
0.0000,5.00,0.0000
0.0000,5.00,0.0000
0.0000,5.00,0.0000
0.0000,5.00,0.0000
0.0000,5.00,0.0000
0.0000,5.00,0.0000
0.0000,5.00,0.0000
0.0000,5.00,0.0000
0.0000,5.00,0.0000
0.0000,5.00,0.0000
0.0000,5.00,0.0000
0.0000,5.00,0.0000
0.0000,5.00,0.0000
0.0000,5.00,0.0000
0.0000,5.00,0.0000
0.0000,5.00,0.0000
0.0000,5.00,0.0000
0.0000,5.00,0.0000
0.0000,5.00,0.0000
0.0000,5.00,0.0000
0.0000,5.00,0.0000
0.0000,5.00,0.0000
0.0000,5.00,0.0000
0.0000,5.00,0.0000
0.0000,5.00,0.0000
0.0000,5.00,0.0000
0.0000,5.00,0.0000
0.0000,5.00,0.0000
0.0000,5.00,0.0000
0.0000,5.00,0.0000
0.0000,5.00,0.0000
0.0000,5.00,0.0000
0.0000,5.00,0.0000
0.0000,5.00,0.0000
0.0000,5.00,0.0000
0.0000,5.00,0.0000
0.0000,5.00,0.0000
0.0000,5.00,0.0000
0.0000,5.00,0.0000
0.0000,5.00,0.0000
0.0000,5.00,0.0000
0.0000,5.00,0.0000
0.0000,5.00,0.0000
0.0000,5.00,0.0000
0.0000,5.00,0.0000
0.0000,5.00,0.0000
0.0000,5.00,0.0000
0.0000,5.00,0.0000
0.0000,5.00,0.0000
0.0000,5.00,0.0000
0.0000,5.00,0.0000
0.0000,5.00,0.0000
0.0000,5.00,0.0000
0.0000,5.00,0.0000
0.0000,5.00,0.0000
0.0000,5.00,0.0000
0.0000,5.00,0.0000
0.0000,5.00,0.0000
0.0000,5.00,0.0000
0.0000,5.00,0.0000
0.0000,5.00,0.0000
0.0000,5.00,0.0000
0.0000,5.00,0.0000
0.0000,5.00,0.0000
0.0000,5.00,0.0000
0.0000,5.00,0.0000
0.0000,5.00,0.0000
0.0000,5.00,0.0000
0.0000,5.00,0.0000
0.0000,5.00,0.0000
0.0000,5.00,0.0000
0.0000,5.00,0.0000
0.0000,5.00,0.0000
0.0000,5.00,0.0000
0.0000,5.00,0.0000
0.0000,5.00,0.0000
0.0000,5.00,0.0000
0.0000,5.00,0.0000
0.0000,5.00,0.0000
0.0000,5.00,0.0000
0.0000,5.00,0.0000
0.0000,5.00,0.0000
0.0000,5.00,0.0000
0.0000,5.00,0.0000
0.0000,5.00,0.0000
0.0000,5.00,0.0000
0.0000,5.00,0.0000
0.0000,5.00,0.0000
0.0000,5.00,0.0000
0.0000,5.00,0.0000
0.0000,5.00,0.0000
0.0000,5.00,0.0000
0.0000,5.00,0.0000
0.0000,5.00,0.0000
0.0000,5.00,0.0000
0.0000,5.00,0.0000
0.0000,5.00,0.0000
0.0000,5.00,0.0000
0.0000,5.00,0.0000
0.0000,5.00,0.0000
0.0000,5.00,0.0000
0.0000,5.00,0.0000
0.0000,5.00,0.0000
0.0000,5.00,0.0000
0.0000,5.00,0.0000
0.0000,5.00,0.0000
0.0000,5.00,0.0000
0.0000,5.00,0.0000
0.0000,5.00,0.0000
0.0000,5.00,0.0000
0.0000,5.00,0.0000
0.0000,5.00,0.0000
0.0000,5.00,0.0000
0.0000,5.00,0.0000
0.0000,5.00,0.0000
0.0000,5.00,0.0000
0.0000,5.00,0.0000
0.0000,5.00,0.0000
0.0000,5.00,0.0000
0.0000,5.00,0.0000
0.0000,5.00,0.0000
0.0000,5.00,0.0000
0.0000,5.00,0.0000
0.0000,5.00,0.0000
0.0000,5.00,0.0000
0.0000,5.00,0.0000
0.0000,5.00,0.0000
0.0000,5.00,0.0000
0.0000,5.00,0.0000
0.0000,5.00,0.0000
0.0000,5.00,0.0000
0.0000,5.00,0.0000
0.0000,5.00,0.0000
0.0000,5.00,0.0000
0.0000,5.00,0.0000
0.0000,5.00,0.0000
0.0000,5.00,0.0000
0.0000,5.00,0.0000
0.0000,5.00,0.0000
0.0000,5.00,0.0000
0.0000,5.00,0.0000
0.0000,5.00,0.0000
0.0000,5.00,0.0000
0.0000,5.00,0.0000
0.0000,5.00,0.0000
0.0000,5.00,0.0000
0.0000,5.00,0.0000
0.0000,5.00,0.0000
0.0000,5.00,0.0000
0.0000,5.00,0.0000
0.0000,5.00,0.0000
0.0000,5.00,0.0000
0.0000,5.00,0.0000
0.0000,5.00,0.0000
0.0000,5.00,0.0000
0.0000,5.00,0.0000
0.0000,5.00,0.0000
0.0000,5.00,0.0000
0.0000,5.00,0.0000
0.0000,5.00,0.0000
0.0000,5.00,0.0000
0.0000,5.00,0.0000
0.0000,5.00,0.0000
0.0000,5.00,0.0000
0.0000,5.00,0.0000
0.0000,5.00,0.0000
0.0008,5.00,0.0008
0.0074,5.00,0.0077
0.0188,5.00,0.0200
0.0335,5.00,0.0366
0.0532,5.00,0.0593
0.0761,5.00,0.0867
0.1014,5.00,0.1183
0.1284,5.00,0.1533
0.1612,5.00,0.1962
0.1939,5.00,0.2413
0.2299,5.00,0.2922
0.2675,5.00,0.3472
0.3068,5.00,0.4066
0.3477,5.00,0.4704
0.3902,5.00,0.5388
0.4344,5.00,0.6118
0.4802,5.00,0.6896
0.5261,5.00,0.7707
0.5735,5.00,0.8566
0.6226,5.00,0.9476
0.6717,5.00,1.0419
0.7224,5.00,1.1415
0.7731,5.00,1.2445
0.8255,5.00,1.3528
0.8778,5.00,1.4648
0.9318,5.00,1.5822
0.9858,5.00,1.7033
1.0407,5.00,1.8290
1.0955,5.00,1.9586
1.1511,5.00,2.0929
1.2059,5.00,2.2302
1.2624,5.00,2.3730
1.3180,5.00,2.5189
1.3736,5.00,2.6688
1.4309,5.00,2.8242
1.4865,5.00,2.9820
1.5438,5.00,3.1453
1.5994,5.00,3.3109
1.6567,5.00,3.4822
1.7123,5.00,3.6557
1.7696,5.00,3.8348
1.8261,5.00,4.0171
1.8825,5.00,4.2034
1.9390,5.00,4.3936
1.9954,5.00,4.5878
2.0527,5.00,4.7867
2.1099,5.00,4.9897
2.1672,5.00,5.1966
2.2228,5.00,5.4059
2.2801,5.00,5.6208
2.3374,5.00,5.8397
2.3930,5.00,6.0609
2.4503,5.00,6.2876
2.5075,5.00,6.5184
2.5632,5.00,6.7515
2.6204,5.00,6.9902
2.6777,5.00,7.2329
2.7333,5.00,7.4780
2.7906,5.00,7.7286
2.8479,5.00,7.9832
2.9068,5.00,8.2435
2.9641,5.00,8.5063
3.0213,5.00,8.7730
3.0802,5.00,9.0455
3.1391,5.00,9.3221
3.1980,5.00,9.6028
3.2553,5.00,9.8859
3.3142,5.00,10.1747
3.3731,5.00,10.4677
3.4337,5.00,10.7665
3.4926,5.00,11.0678
3.5515,5.00,11.3732
3.6104,5.00,11.6828
3.6709,5.00,11.9982
3.7298,5.00,12.3161
3.7904,5.00,12.6399
3.8509,5.00,12.9679
3.9098,5.00,13.2984
3.9704,5.00,13.6347
4.0309,5.00,13.9753
4.0914,5.00,14.3202
4.1520,5.00,14.6692
4.2117,5.00,15.0217
4.2714,5.00,15.3783
4.3320,5.00,15.7400
4.3925,5.00,16.1059
4.4530,5.00,16.4760
4.5136,5.00,16.8504
4.5725,5.00,17.2273
4.6330,5.00,17.6100
4.6936,5.00,17.9970
4.7525,5.00,18.3865
4.8138,5.00,18.7827
4.8736,5.00,19.1815
4.9325,5.00,19.5836
4.9930,5.00,19.9915
5.0519,-5.00,20.4020
5.1075,-5.00,20.8132
5.1534,-5.00,21.2181
5.1910,-5.00,21.6178
5.2204,-5.00,22.0117
5.2401,-5.00,22.3974
5.2548,-5.00,22.7795
5.2597,-5.00,23.1524
5.2597,-5.00,23.5206
5.2540,-5.00,23.8828
5.2425,-5.00,24.2388
5.2278,-5.00,24.5905
5.2082,-5.00,24.9361
5.1869,-5.00,25.2787
5.1624,-5.00,25.6164
5.1362,-5.00,25.9506
5.1051,-5.00,26.2780
5.0740,-5.00,26.6032
5.0396,-5.00,26.9228
5.0036,-5.00,27.2383
4.9644,5.00,27.5479
4.9300,5.00,27.8598
4.9022,5.00,28.1762
4.8842,5.00,28.5007
4.8727,5.00,28.8307
4.8678,5.00,29.1667
4.8703,5.00,29.5100
4.8785,5.00,29.8594
4.8916,5.00,30.2145
4.9079,5.00,30.5738
4.9276,5.00,30.9377
4.9521,5.00,31.3080
4.9783,5.00,31.6817
5.0077,-5.00,32.0607
5.0339,-5.00,32.4383
5.0519,-5.00,32.8093
5.0634,-5.00,33.1748
5.0666,-5.00,33.5327
5.0658,-5.00,33.8865
5.0609,-5.00,34.2360
5.0495,-5.00,34.5784
5.0331,-5.00,34.9149
5.0151,-5.00,35.2486
4.9922,5.00,35.5760
4.9726,5.00,35.9051
4.9595,5.00,36.2396
4.9546,5.00,36.5817
4.9570,5.00,36.9311
4.9636,5.00,37.2848
4.9750,5.00,37.6441
4.9914,5.00,38.0093
5.0110,-5.00,38.3790
5.0290,-5.00,38.7484
5.0388,-5.00,39.1106
5.0421,-5.00,39.4667
5.0396,-5.00,39.8171
5.0315,-5.00,40.1615
5.0200,-5.00,40.5018
5.0036,-5.00,40.8363
4.9848,5.00,41.1670
4.9676,5.00,41.4982
4.9578,5.00,41.8358
4.9546,5.00,42.1794
4.9586,5.00,42.5305
4.9668,5.00,42.8861
4.9799,5.00,43.2473
4.9963,5.00,43.6128
5.0159,-5.00,43.9829
5.0355,-5.00,44.3543
5.0470,-5.00,44.7187
5.0503,-5.00,45.0753
5.0495,-5.00,45.4280
5.0413,-5.00,45.7730
5.0298,-5.00,46.1140
5.0151,-5.00,46.4509
4.9955,5.00,46.7816
4.9791,5.00,47.1144
4.9693,5.00,47.4527
4.9660,5.00,47.7972
4.9685,5.00,48.1474
4.9766,5.00,48.5036
4.9881,5.00,48.8638
5.0045,-5.00,49.2299
5.0200,-5.00,49.5963
5.0274,-5.00,49.9554
5.0274,-5.00,50.3073
5.0233,-5.00,50.6550
5.0135,-5.00,50.9964
4.9987,5.00,51.3321
4.9856,5.00,51.6685
4.9807,5.00,52.0124
4.9816,5.00,52.3619
4.9897,5.00,52.7191
5.0012,-5.00,53.0802
5.0126,-5.00,53.4422
5.0159,-5.00,53.7964
5.0135,-5.00,54.1450
5.0053,-5.00,54.4875
4.9938,5.00,54.8260
4.9824,5.00,55.1637
4.9807,5.00,55.5108
