
data=[
 -5.00,1.00
-5.00,1.00
-7.00,1.00
-9.00,1.00
-11.00,1.00
-15.00,1.00
-19.00,1.00
-23.00,1.00
-29.00,1.00
-35.00,1.00
-41.00,1.00
-49.00,1.00
-55.00,1.00
-63.00,1.00
-71.00,1.00
-81.00,1.00
-89.00,1.00
-99.00,1.00
-109.00,1.00
-119.00,1.00
-129.00,1.00
-139.00,1.00
-151.00,1.00
-161.00,1.00
-173.00,1.00
-183.00,1.00
-195.00,1.00
-207.00,1.00
-219.00,1.00
-231.00,1.00
-243.00,1.00
-255.00,1.00
-267.00,1.00
-279.00,1.00
-293.00,1.00
-305.00,1.00
-319.00,1.00
-331.00,1.00
-343.00,1.00
-357.00,1.00
-371.00,1.00
-383.00,1.00
-397.00,1.00
-411.00,1.00
-423.00,1.00
-437.00,1.00
-451.00,1.00
-465.00,1.00
-479.00,1.00
-491.00,1.00
-505.00,1.00
-519.00,1.00
-533.00,1.00
-547.00,1.00
-561.00,1.00
-575.00,1.00
-589.00,1.00
-603.00,1.00
-615.00,1.00
-629.00,1.00
-643.00,1.00
-657.00,1.00
-671.00,1.00
-685.00,1.00
-699.00,1.00
-715.00,1.00
-727.00,1.00
-743.00,1.00
-755.00,1.00
-771.00,1.00
-785.00,1.00
-799.00,1.00
-813.00,1.00
-827.00,1.00
-841.00,1.00
-855.00,1.00
-869.00,1.00
-883.00,1.00
-897.00,1.00
-911.00,1.00
-925.00,1.00
-939.00,1.00
-953.00,1.00
-967.00,1.00
-983.00,1.00
-997.00,1.00
-1011.00,1.00
-1025.00,1.00
-1039.00,1.00
-1053.00,1.00
-1067.00,1.00
-1081.00,1.00
-1095.00,1.00
-1109.00,1.00
-1123.00,1.00
-1139.00,1.00
-1153.00,1.00
-1167.00,1.00
-1181.00,1.00
-1195.00,1.00
-1209.00,1.00
-1223.00,1.00
-1239.00,1.00
-1253.00,1.00
-1267.00,1.00
-1281.00,1.00
-1295.00,1.00
-1309.00,1.00
-1323.00,1.00
-1339.00,1.00
-1353.00,1.00
-1367.00,1.00
-1381.00,1.00
-1395.00,1.00
-1409.00,1.00
-1423.00,1.00
-1439.00,1.00
-1453.00,1.00
-1467.00,1.00
-1481.00,1.00
-1495.00,1.00
-1511.00,1.00
-1525.00,1.00
-1539.00,1.00
-1553.00,1.00
-1567.00,1.00
-1581.00,1.00
-1595.00,1.00
-1611.00,2.00
-1625.00,2.00
-1641.00,2.00
-1659.00,2.00
-1677.00,2.00
-1697.00,2.00
-1717.00,2.00
-1739.00,2.00
-1761.00,2.00
-1783.00,2.00
-1807.00,2.00
-1831.00,2.00
-1855.00,2.00
-1881.00,2.00
-1907.00,2.00
-1933.00,2.00
-1959.00,2.00
-1987.00,2.00
-2013.00,2.00
-2041.00,2.00
-2069.00,2.00
-2099.00,2.00
-2127.00,2.00
-2157.00,2.00
-2185.00,2.00
-2215.00,2.00
-2245.00,2.00
-2275.00,2.00
-2305.00,2.00
-2337.00,2.00
-2367.00,2.00
-2399.00,2.00
-2429.00,2.00
-2461.00,2.00
-2491.00,2.00
-2523.00,2.00
-2555.00,2.00
-2587.00,2.00
-2619.00,2.00
-2651.00,2.00
-2683.00,2.00
-2716.00,2.00
-2747.00,2.00
-2781.00,2.00
-2813.00,2.00
-2845.00,2.00
-2879.00,2.00
-2911.00,2.00
-2943.00,2.00
-2977.00,2.00
-3009.00,2.00
-3043.00,2.00
-3075.00,2.00
-3107.00,2.00
-3141.00,2.00
-3175.00,2.00
-3207.00,2.00
-3241.00,2.00
-3273.00,2.00
-3307.00,2.00
-3339.00,2.00
-3373.00,2.00
-3407.00,2.00
-3439.00,2.00
-3473.00,2.00
-3507.00,2.00
-3539.00,2.00
-3573.00,2.00
-3607.00,2.00
-3639.00,2.00
-3673.00,2.00
-3707.00,2.00
-3741.00,2.00
-3775.00,2.00
-3807.00,2.00
-3841.00,2.00
-3875.00,2.00
-3909.00,2.00
-3943.00,2.00
-3975.00,2.00
-4009.00,2.00
-4043.00,2.00
-4077.00,2.00
-4111.00,2.00
-4143.00,2.00
-4177.00,2.00
-4211.00,2.00
-4245.00,2.00
-4279.00,2.00
-4313.00,2.00
-4347.00,2.00
-4379.00,2.00
-4413.00,2.00
-4447.00,2.00
-4481.00,2.00
-4515.00,2.00
-4549.00,2.00
-4583.00,2.00
-4615.00,2.00
-4649.00,2.00
-4683.00,2.00
-4717.00,2.00
-4751.00,2.00
-4785.00,2.00
-4819.00,2.00
-4851.00,2.00
-4887.00,2.00
-4919.00,2.00
-4953.00,2.00
-4987.00,2.00
-5021.00,2.00
-5055.00,2.00
-5089.00,2.00
-5123.00,2.00
-5157.00,2.00
-5191.00,2.00
-5225.00,2.00
-5259.00,2.00
-5293.00,2.00
-5327.00,2.00
-5359.00,2.00
-5395.00,2.00
-5427.00,2.00
-5461.00,2.00
-5495.00,2.00
-5529.00,2.00
-5563.00,2.00
-5597.00,2.00
-5631.00,1.00
-5665.00,1.00
-5697.00,1.00
-5727.00,1.00
-5757.00,1.00
-5787.00,1.00
-5815.00,1.00
-5843.00,1.00
-5869.00,1.00
-5895.00,1.00
-5921.00,1.00
-5945.00,1.00
-5969.00,1.00
-5991.00,1.00
-6015.00,1.00
-6037.00,1.00
-6059.00,1.00
-6079.00,1.00
-6101.00,1.00
-6121.00,1.00
-6141.00,1.00
-6161.00,1.00
-6179.00,1.00
-6199.00,1.00
-6217.00,1.00
-6235.00,1.00
-6253.00,1.00
-6271.00,1.00
-6289.00,1.00
-6307.00,1.00
-6323.00,1.00
-6341.00,1.00
-6357.00,1.00
-6375.00,1.00
-6391.00,1.00
-6407.00,1.00
-6423.00,1.00
-6439.00,1.00
-6455.00,1.00
-6471.00,1.00
-6487.00,1.00
-6503.00,1.00
-6517.00,1.00
-6533.00,1.00
-6547.00,1.00
-6563.00,1.00
-6579.00,1.00
-6593.00,1.00
-6609.00,1.00
-6623.00,1.00
-6639.00,1.00
-6653.00,1.00
-6667.00,1.00
-6683.00,1.00
-6697.00,1.00
-6711.00,1.00
-6727.00,1.00
-6741.00,1.00
-6755.00,1.00
-6771.00,1.00
-6785.00,1.00
-6799.00,1.00
-6813.00,1.00
-6829.00,1.00
-6843.00,1.00
-6857.00,1.00
-6871.00,1.00
-6885.00,1.00
-6899.00,1.00
-6915.00,1.00
-6929.00,1.00
-6943.00,1.00
-6957.00,1.00
-6971.00,1.00
-6985.00,1.00
-6999.00,1.00
-7015.00,1.00
-7029.00,1.00
-7043.00,1.00
-7057.00,1.00
-7071.00,1.00
-7085.00,1.00
-7099.00,1.00
-7115.00,1.00
-7127.00,1.00
-7143.00,1.00
-7157.00,1.00
-7171.00,1.00
-7185.00,1.00
-7199.00,1.00
-7213.00,1.00
-7227.00,1.00
-7243.00,1.00
-7257.00,1.00
-7271.00,1.00
-7285.00,1.00
-7299.00,1.00
-7313.00,1.00
-7327.00,1.00
-7343.00,1.00
-7357.00,1.00
-7371.00,1.00
-7385.00,1.00
-7399.00,1.00
-7413.00,1.00
-7427.00,1.00
-7443.00,1.00
-7457.00,1.00
-7471.00,1.00
-7485.00,1.00
-7499.00,1.00
-7513.00,1.00
-7527.00,1.00
-7541.00,1.00
-7555.00,1.00
-7571.00,1.00
-7585.00,1.00
-7599.00,1.00
-7613.00,1.00
-7627.00,1.00
-7641.00,1.00
-7655.00,1.00
-7669.00,1.00
-7683.00,1.00
-7697.00,1.00
-7711.00,1.00
-7727.00,1.00
-7741.00,1.00
-7755.00,2.00
-7769.00,2.00
-7785.00,2.00
-7803.00,2.00
-7821.00,2.00
-7839.00,2.00
-7859.00,2.00
-7881.00,2.00
-7903.00,2.00
-7925.00,2.00
-7949.00,2.00
-7971.00,2.00
-7997.00,2.00
-8021.00,2.00
-8047.00,2.00
-8073.00,2.00
-8099.00,2.00
-8127.00,2.00
-8153.00,2.00
-8181.00,2.00
-8209.00,2.00
-8237.00,2.00
-8267.00,2.00
-8295.00,2.00
-8325.00,2.00
-8355.00,2.00
-8383.00,2.00
-8415.00,2.00
-8445.00,2.00
-8475.00,2.00
-8505.00,2.00
-8537.00,2.00
-8567.00,2.00
-8599.00,2.00
-8629.00,2.00
-8661.00,2.00
-8693.00,2.00
-8725.00,2.00
-8757.00,2.00
-8787.00,2.00
-8819.00,2.00
-8853.00,2.00
-8885.00,2.00
-8917.00,2.00
-8949.00,2.00
-8981.00,2.00
-9015.00,2.00
-9047.00,2.00
-9079.00,2.00
-9113.00,2.00
-9145.00,2.00
-9179.00,2.00
-9211.00,2.00
-9243.00,2.00
-9277.00,2.00
-9311.00,2.00
-9343.00,2.00
-9377.00,2.00
-9411.00,2.00
-9443.00,2.00
-9477.00,2.00
-9509.00,2.00
-9543.00,2.00
-9577.00,2.00
-9611.00,2.00
-9643.00,2.00
-9677.00,2.00
-9711.00,2.00
-9743.00,2.00
-9777.00,2.00
-9811.00,2.00
-9845.00,2.00
-9879.00,2.00
-9911.00,2.00
-9945.00,2.00
-9979.00,2.00
-10013.00,2.00
-10047.00,2.00
-10079.00,2.00
-10113.00,2.00
-10147.00,2.00
-10181.00,2.00
-10215.00,2.00
-10249.00,2.00
-10283.00,2.00
-10315.00,2.00
-10349.00,2.00
-10383.00,2.00
-10417.00,2.00
-10451.00,2.00
-10485.00,2.00
-10519.00,2.00
-10553.00,2.00
-10587.00,2.00
-10619.00,2.00
-10655.00,2.00
-10687.00,2.00
-10721.00,2.00
-10755.00,2.00
-10789.00,2.00
-10823.00,2.00
-10857.00,2.00
-10891.00,2.00
-10925.00,2.00
-10959.00,2.00
-10991.00,2.00
-11025.00,2.00
-11059.00,2.00
-11093.00,2.00
-11127.00,2.00
-11161.00,2.00
-11195.00,2.00
-11229.00,2.00
-11263.00,2.00
-11295.00,2.00
-11329.00,2.00
-11363.00,2.00
-11397.00,2.00
-11431.00,2.00
-11465.00,2.00
-11499.00,2.00
-11533.00,2.00
-11567.00,2.00
-11601.00,2.00
-11635.00,2.00
-11669.00,2.00
-11703.00,2.00
-11737.00,2.00
-11771.00,1.00
-11803.00,1.00
-11835.00,1.00
-11867.00,1.00
-11897.00,1.00
-11927.00,1.00
-11955.00,1.00
-11983.00,1.00
-12009.00,1.00
-12035.00,1.00
-12059.00,1.00
-12083.00,1.00
-12107.00,1.00
-12131.00,1.00
-12153.00,1.00
-12175.00,1.00
-12197.00,1.00
-12219.00,1.00
-12239.00,1.00
-12259.00,1.00
-12279.00,1.00
-12299.00,1.00
-12317.00,1.00
-12337.00,1.00
-12355.00,1.00
-12373.00,1.00
-12391.00,1.00
-12409.00,1.00
-12427.00,1.00
-12443.00,1.00
-12461.00,1.00
-12477.00,1.00
-12495.00,1.00
-12511.00,1.00
-12527.00,1.00
-12543.00,1.00
-12561.00,1.00
-12577.00,1.00
-12593.00,1.00
-12609.00,1.00
-12623.00,1.00
-12639.00,1.00
-12655.00,1.00
-12671.00,1.00
-12687.00,1.00
-12701.00,1.00
-12717.00,1.00
-12731.00,1.00
-12747.00,1.00
-12763.00,1.00
-12777.00,1.00
-12793.00,1.00
-12807.00,1.00
-12823.00,1.00
-12837.00,1.00
-12851.00,1.00
-12867.00,1.00
-12881.00,1.00
